m3
m3
14
3 3 3 3 3 3 3 3 3 3 3 3 3 3

x3 x1 x1
1
2
2
0
1
2
0
0
1

x1 x2 x2
1
2
2
1
1
1
0
0
1

x1 x3 x3
0
0
1
1
1
1
1
2
2

x1 x4 x4
1
2
2
1
1
1
0
0
1

x1 x5 x5
0
0
1
1
1
1
1
2
2

x1 x6 x6
1
2
2
1
1
1
0
0
1

x1 x7 x7
0
0
1
1
1
1
1
2
2

x1 x8 x8
1
2
2
1
1
1
0
0
1

x1 x9 x9
0
0
1
1
1
1
1
2
2

x1 x10 x10
1
2
2
1
1
1
0
0
1

x1 x11 x11
0
0
1
1
1
1
1
2
2

x1 x12 x12
1
2
2
1
1
1
0
0
1

x1 x13 x13
0
0
1
1
1
1
1
2
2

x1 x14 x14
1
2
2
1
1
1
0
0
1

x1 x15 x15
1
2
2
1
1
1
0
0
1

x1 x16 x16
1
2
2
1
1
1
0
0
1

x1 x17 x17
1
2
2
1
1
1
0
0
1

x1 x18 x18
1
2
2
1
1
1
0
0
1

x1 x19 x19
1
2
2
1
1
1
0
0
1

x1 x20 x20
1
2
2
1
1
1
0
0
1
